2 1
28 2
47 2
6 2
35 2
43 2
40 2
56 2
39 2
52 2
57 2
11 2
19 2
33 2
31 2
0 2
24 1
204 1
155 0
195 0
89 1
172 1
189 0
137 1
111 0
87 3
164 1
212 3
117 1
68 2
183 2
23 3
46 1
186 2
96 1
199 3
249 3
101 2
178 3
153 3
103 3
251 3
130 3
91 0
106 3
235 0
200 2
37 3
53 1
66 2
175 2
76 0
75 2
102 3
198 0
128 3
181 2
60 0
191 1
246 1
169 0
177 0
113 1
20 3
10 1
127 1
141 1
65 1
206 2
223 0
100 0
219 3
64 3
201 1
99 2
95 1
168 0
124 1
132 0
30 3
7 1
88 1
115 3
61 2
98 3
222 1
167 1
202 3
145 2
125 3
83 1
162 0
82 3
245 1
142 1
8 3
45 1
239 0
255 0
209 3
221 2
241 2
233 0
63 1
207 2
182 3
188 3
110 2
105 0
114 1
122 3
44 3
42 1
205 0
90 2
126 2
148 0
78 1
236 2
185 0
154 2
73 3
237 2
108 2
192 1
226 3
93 2
18 3
21 1
176 0
196 0
146 1
254 3
170 2
69 0
253 3
85 1
123 2
118 0
156 3
247 1
228 2
243 1
9 3
13 1
180 2
193 3
151 3
97 2
184 3
86 1
160 2
107 2
242 3
220 3
210 0
120 1
171 1
92 0
41 3
32 1
74 2
147 1
161 1
234 1
250 1
129 0
244 0
143 3
218 0
79 0
187 2
140 1
211 3
112 0
38 3
49 1
216 3
67 0
116 0
77 1
81 2
190 2
225 0
231 1
173 3
152 1
214 3
166 2
104 1
229 1
27 3
4 1
240 3
179 3
252 3
174 3
232 1
149 3
238 3
215 3
217 0
84 0
71 0
230 0
139 2
208 3
15 3
50 1
213 1
158 0
80 1
224 1
203 3
133 2
131 1
163 0
134 3
157 3
159 0
119 3
138 1
165 2
36 3
16 1
150 1
144 2
197 3
121 3
135 1
62 3
194 1
94 1
70 2
248 1
109 1
136 0
72 2
227 3
14 3
1 0
59 0
17 0
25 0
26 0
34 0
22 0
51 0
12 0
58 0
48 0
54 0
29 0
55 0
5 0
3 3
