3 1
59 2
38 2
47 2
13 2
56 2
29 2
36 2
46 2
52 2
24 2
39 2
20 2
19 2
32 2
0 2
37 1
206 0
66 0
100 0
173 0
249 0
181 0
115 0
185 0
240 0
107 0
211 0
241 0
171 0
184 0
21 3
48 1
166 0
111 0
141 0
137 0
68 0
92 0
236 0
80 0
199 0
233 0
77 0
127 0
138 0
207 0
18 3
17 1
149 0
224 0
145 0
215 0
95 0
147 0
182 0
252 0
122 0
106 0
159 0
205 0
103 0
105 0
42 3
45 1
228 0
133 0
227 0
164 0
81 0
64 0
99 0
231 0
245 0
220 0
221 0
132 0
179 0
234 0
53 3
40 1
167 0
153 0
128 0
136 0
78 0
112 0
154 0
151 0
73 0
190 0
117 0
202 0
86 0
197 0
11 3
30 1
247 0
82 0
235 0
170 0
200 0
94 0
123 0
116 0
201 0
65 0
194 0
135 0
87 0
244 0
23 3
15 1
238 0
139 0
237 0
84 0
110 0
208 0
246 0
163 0
61 0
72 0
120 0
254 0
134 0
70 0
10 3
28 1
174 0
218 0
140 0
204 0
183 0
69 0
152 0
109 0
214 0
98 0
142 0
243 0
101 0
129 0
33 3
34 1
60 0
67 0
189 0
232 0
176 0
63 0
124 0
255 0
186 0
169 0
230 0
157 0
217 0
195 0
27 3
54 1
192 0
226 0
193 0
222 0
250 0
177 0
198 0
158 0
143 0
88 0
74 0
146 0
162 0
113 0
26 3
57 1
126 0
219 0
161 0
196 0
96 0
102 0
75 0
239 0
242 0
85 2
175 0
76 0
121 0
108 0
8 3
58 1
131 0
144 0
155 0
213 0
89 0
253 0
160 0
216 0
165 0
125 0
223 0
209 0
62 0
225 0
4 3
41 1
148 0
251 0
83 0
150 0
97 0
178 0
156 0
79 0
203 0
93 0
180 0
114 0
212 0
90 0
14 3
9 1
118 0
248 0
210 0
119 0
187 0
130 0
229 0
91 0
191 0
71 0
104 0
172 0
188 0
168 0
50 3
2 0
35 0
43 0
44 0
5 0
16 0
49 0
12 0
55 0
31 0
25 0
22 0
51 0
6 0
7 0
1 3
